1 5 3 1 0 4 2 128 128 256 3 0.500000000000000 0.010000000000000 0.900000000000000 0.001000000000000 0.250000000000000 1 -87.040000000000006
1 5 3 1 0 4 2 128 128 206 3 0.500000000000000 0.010000000000000 0.900000000000000 0.001000000000000 0.250000000000000 1 -87.390000000000001
1 5 3 1 0 4 2 128 128 56 3 0.500000000000000 0.010000000000000 0.900000000000000 0.001000000000000 0.250000000000000 1 -86.750000000000000
1 5 3 1 0 4 2 128 128 106 3 0.500000000000000 0.010000000000000 0.900000000000000 0.001000000000000 0.250000000000000 1 -85.810000000000002
1 5 3 1 0 4 2 128 128 206 3 0.500000000000000 0.010000000000000 0.900000000000000 0.001000000000000 0 1 -88.299999999999997
1 5 3 1 0 4 2 128 128 6 3 0.500000000000000 0.010000000000000 0.900000000000000 0.001000000000000 0 1 -83.810000000000002
1 5 3 1 0 4 2 128 128 206 3 0.500000000000000 0.010000000000000 0.900000000000000 0.001000000000000 0 3 -89.180000000000007
1 5 3 1 0 4 2 128 128 1 3 0.500000000000000 0.010000000000000 0.900000000000000 0.001000000000000 0 3 NaN
1 5 3 1 0 4 2 128 128 206 3 0.500000000000000 0.010000000000000 0.900000000000000 0.001000000000000 0.950000000000000 3 -10
1 5 3 1 0 4 2 628 378 206 3 0.500000000000000 0.010000000000000 0.900000000000000 0.001000000000000 0 3 -89.670000000000002
1 5 3 1 0 4 2 1000 1000 206 3 0.500000000000000 0.010000000000000 0.900000000000000 0.001000000000000 0 3 -89.450000000000003
1 5 3 1 0 4 2 928 1000 206 3 0.500000000000000 0.010000000000000 0.900000000000000 0.001000000000000 0 3 -89.579999999999998
1 5 3 1 0 4 2 1000 78 206 3 0.500000000000000 0.010000000000000 0.900000000000000 0.001000000000000 0 3 -89.219999999999999
1 5 3 1 0 4 2 628 378 1 3 0.500000000000000 0.010000000000000 0.900000000000000 0.001000000000000 0 3 NaN
1 5 3 1 0 4 2 628 378 206 3 0.500000000000000 0.010000000000000 0.900000000000000 0.001000000000000 0.950000000000000 3 -16.829999999999998
1 5 3 1 0 4 2 628 378 206 3 0.500000000000000 0.010000000000000 0.900000000000000 0.001000000000000 0 1 -88.890000000000001
1 5 3 1 0 4 2 628 378 206 3 1 1 0 1 0 3 -10
1 5 3 1 0 4 2 628 378 206 3 1 1 1 0 0 3 -80.280000000000001
1 5 3 1 0 4 2 628 378 206 3 0 1 1 1 0 3 -12.140000000000001
1 5 3 1 0 4 2 628 378 206 3 1 0 1 0 0 3 -89.810000000000002
1 5 3 1 0 4 2 628 378 1 3 1 0 1 0 0 3 NaN
1 5 3 1 0 4 2 628 378 206 3 1 0 1 0 0.950000000000000 3 -46.649999999999999
1 5 3 1 0 4 2 628 378 206 3 1 0 1 0 0 1 -89.540000000000006
1 5 3 1 0 4 2 1 1000 206 3 1 0 1 0 0 3 -65.810000000000002
1 5 3 1 0 4 2 1000 1 206 3 1 0 1 0 0 3 -19.989999999999998
1 5 3 1 0 4 2 1000 1000 206 3 1 0 1 0 0 3 -89.379999999999995
1 1000 8 1 2 1 2 628 378 206 3 1 0 1 0 0 3 NaN
1 75 20 3 0 5 2 628 378 206 3 1 0 1 0 0 3 NaN
1 95 1 3 2 5 2 628 378 206 3 1 0 1 0 0 3 -40.020000000000003
1 1 20 1 2 5 2 628 378 206 3 1 0 1 0 0 3 -65.750000000000000
1 5 3 1 0 4 2 628 378 206 3 1 1 1 1 0 3 -67
1 5 3 1 0 4 2 628 378 206 3 1 0 0 1 0 3 -10
1 5 3 1 0 4 2 628 378 206 3 1 0 0 0 0 3 -68.939999999999998
1 5 3 1 0 4 2 628 378 206 3 0 1 0 1 0 3 -8.500000000000000
1 5 3 1 0 4 2 628 378 400 3 1 0 1 0 0 3 -89.390000000000001
1 5 3 1 0 4 2 1 1 206 3 1 0 1 0 0 3 -10
1 1 1 1 0 1 2 628 378 206 3 1 0 1 0 0 3 -88.930000000000007
1 5 3 1 0 4 2 628 378 206 3 0 0 1 0 0 3 -9.529999999999999
